-1.930089298647790441e+00
-1.962622719576932129e+00
-1.943512271617222620e+00
-1.947424860980272454e+00
-1.984321096752170499e+00
-1.952564500632683719e+00
-1.966301471302235093e+00
-1.966712151693975841e+00
-1.945464160214744664e+00
-1.946247378608991108e+00
-1.953360641060778446e+00
-1.972502830574871302e+00
-1.987757668447784010e+00
-1.969597839931464200e+00
-1.975008382612361224e+00
-1.964253874478105510e+00
-1.989919417470174867e+00
-2.008968531830738424e+00
-2.005360664918400371e+00
-2.014896002599609215e+00
-2.013520926574109193e+00
-2.047292623095299469e+00
-1.998675651214452564e+00
-2.012150190616927681e+00
-2.026527508804553346e+00
-2.030316361467102926e+00
-2.028891665333551586e+00
-2.037510802334097537e+00
-2.030792300672985551e+00
-2.062391286744688301e+00
-2.034138559796198731e+00
-2.030316361467102926e+00
-2.055279873176689254e+00
-2.037994695957309865e+00
-2.081231109760226961e+00
-2.070663812710678009e+00
-2.075387303789132165e+00
-2.059329268312397154e+00
-2.094260921511846618e+00
-2.083913604279331810e+00
-2.064959564376660062e+00
-2.116305321301935383e+00
-2.104860799199971044e+00
-2.118048311528732963e+00
-2.103732760950444813e+00
-2.094260921511846618e+00
-2.125091079085331458e+00
-2.114569298409759934e+00
-2.126276057943010223e+00
-2.131648841706871078e+00
-2.129850518301308337e+00
-2.113992162800701458e+00
-2.137088927225227586e+00
-2.107125703847784415e+00
-2.160198470316257779e+00
-2.133454642570133508e+00
-2.138307145364545914e+00
-2.158917364720900345e+00
-2.140140903818335438e+00
-2.149427668546547210e+00
-2.133454642570133508e+00
-2.129850518301308337e+00
-2.153198700765890816e+00
-2.169273610596628821e+00
-2.164064618832409970e+00
-2.181901271641589979e+00
-2.217732445637139449e+00
-2.187330023352988206e+00
-2.181227424366134482e+00
-2.234151030755553879e+00
-2.171243203459533699e+00
-2.173221769441621376e+00
-2.244152940063823376e+00
-2.237204080108495141e+00
-2.260004863335013159e+00
-2.256787852463014943e+00
-2.219935127359257798e+00
-2.233391110208377661e+00
-2.222889522983311217e+00
-2.222889522983311217e+00
-2.260812853301846559e+00
-2.237970707813130566e+00
-2.264875506706353736e+00
-2.241050823432340966e+00
-2.233391110208377661e+00
-2.260812853301846559e+00
-2.264875506706353736e+00
-2.299705646878433374e+00
-2.294430750268070085e+00
-2.305045400399138522e+00
-2.264059929974829632e+00
-2.301478279877781752e+00
-2.287495760882740647e+00
-2.281517178025571635e+00
-2.300591058972888181e+00
-2.278979909960210826e+00
-2.316845140367314038e+00
-2.288356602555876584e+00
-2.282366238866689212e+00
-2.368573116035106452e+00
-2.358329846816678010e+00
-2.317766231872505855e+00
-2.334688936988570163e+00
-2.367537848603501249e+00
-2.360359263976377964e+00
-2.327086213611754051e+00
-2.330870938931551617e+00
-2.355303392186489653e+00
-2.314093529376535674e+00
-2.321470258435289757e+00
-2.323334186111448041e+00
-2.387642766381219861e+00
-2.366505043165733735e+00
-2.367537848603501249e+00
-2.349313028497302280e+00
-2.297060190077754971e+00
-2.353297409488891212e+00
-2.362398208951090428e+00
-2.366505043165733735e+00
-2.396394588625975430e+00
-2.421413229386355948e+00
-2.370651084027644462e+00
-2.394190043374941901e+00
-2.385482092860292447e+00
-2.403076173982490626e+00
-2.385482092860292447e+00
-2.370651084027644462e+00
-2.412147929033329863e+00
-2.412147929033329863e+00
-2.403076173982490626e+00
-2.438118922889208839e+00
-2.378003282281666575e+00
-2.452968043928127617e+00
-2.432078568468236224e+00
-2.393091953075889844e+00
-2.400837537675694300e+00
-2.424939320327884396e+00
-2.528389141102445947e+00
-2.441783876975613943e+00
-2.424939320327884396e+00
-2.435692690423082674e+00
-2.385482092860292447e+00
-2.463157238130063043e+00
-2.411003542384591913e+00
-2.363421282408669555e+00
-2.412147929033329863e+00
-2.438118922889208839e+00
-2.557817848126996196e+00
-2.476239386341116067e+00
-2.469649055297365781e+00
-2.463157238130063043e+00
-2.478903778022527593e+00
-2.485637160681495761e+00
-2.409862163325782625e+00
-2.480242128794789558e+00
-2.446719094651126358e+00
-2.480242128794789558e+00
-2.491100056382998140e+00
-2.443012433613579226e+00
-2.455493018958631257e+00
-2.464447861611557933e+00
-2.520965123023239052e+00
-2.461870438723747334e+00
-2.528389141102445947e+00
-2.469649055297365781e+00
-2.515115950676972467e+00
-2.525404287552983629e+00
-2.485637160681495761e+00
-2.498026749974564087e+00
-2.596335458175185629e+00
-2.432078568468236224e+00
-2.569183212131570748e+00
-2.520965123023239052e+00
-2.515115950676972467e+00
-2.419078307192714217e+00
-2.525404287552983629e+00
-2.557817848126996196e+00
-2.567541265064594125e+00
-2.476239386341116067e+00
-2.467040672189837469e+00
-2.579167433038171531e+00
-2.580854015670107415e+00
-2.603397312662672380e+00
-2.601621054636869435e+00
-2.455493018958631257e+00
-2.596335458175185629e+00
-2.551454445171139174e+00
-2.584246958567446573e+00
-2.616038792991298045e+00
-2.574146631663121187e+00
-2.502236422500957680e+00
-2.537468798954364502e+00
-2.540538030682041093e+00
-2.529889296244854258e+00
-2.534421105872358915e+00
-2.525404287552983629e+00
-2.658348679085796640e+00
-2.572485847681656335e+00
-2.540538030682041093e+00
-2.662407535562664407e+00
-2.510780196044251511e+00
-2.591113417520363615e+00
-2.589386598219857838e+00
-2.535942278992891818e+00
-2.662407535562664407e+00
-2.614210181944890188e+00
-2.520965123023239052e+00
-2.543629107659182598e+00
-2.599852031898022720e+00
-2.589386598219857838e+00
-2.443012433613579226e+00
-2.567541265064594125e+00
-2.594587791905665686e+00
-2.567541265064594125e+00
-2.554624491960646004e+00
-2.605180865403089463e+00
-2.509344510499096792e+00
-2.660373365652211053e+00
-2.561034858998993968e+00
-2.569183212131570748e+00
-2.770679050961346590e+00
-2.629059302983808966e+00
-2.577487374920150121e+00
-2.512220643407558462e+00
-2.598090185741736224e+00
-2.542080819096321775e+00
-2.623431217975382701e+00
-2.534421105872358915e+00
-2.500828659576567414e+00
-2.762900434387728588e+00
-2.765477857275539186e+00
-2.679033277945647828e+00
-2.687591081580913421e+00
-2.599852031898022720e+00
-2.557817848126996196e+00
-2.696320912839809125e+00
-2.642482275953241366e+00
-2.679033277945647828e+00
-2.730715751016326909e+00
-2.656333387850470906e+00
-2.674816793544484206e+00
-2.577487374920150121e+00
-2.627175159109257585e+00
-2.654327405152872466e+00
-2.623431217975382701e+00
-2.548307369936953393e+00
-2.591113417520363615e+00
-2.660373365652211053e+00
-2.579167433038171531e+00
-2.674816793544484206e+00
-2.694121948739871097e+00
-2.679033277945647828e+00
-2.685435769554778140e+00
-2.778599534597444354e+00
-2.674816793544484206e+00
-2.559423374842414667e+00
-2.629059302983808966e+00
-2.582547173689552444e+00
-2.605180865403089463e+00
-2.549878056936184301e+00
-2.564275877636826628e+00
-2.646394865316290979e+00
-2.599852031898022720e+00
-2.750237890718802536e+00
-2.596335458175185629e+00
-2.589386598219857838e+00
-2.681156971575503256e+00
-2.606971773020970495e+00
-2.616038792991298045e+00
-2.640539120667238837e+00
-2.728336049270972286e+00
-2.630951656661514093e+00
-2.654327405152872466e+00
-2.513665884281739427e+00
-2.634761281808279065e+00
-2.660373365652211053e+00
-2.630951656661514093e+00
-2.627175159109257585e+00
-2.694121948739871097e+00
-2.632852292000948058e+00
-2.702985409071176015e+00
-2.808943551056629406e+00
-2.575813791030584277e+00
-2.792130052046979394e+00
-2.670640852890348249e+00
-2.760338217623127921e+00
-2.883577169353533254e+00
-2.640539120667238837e+00
-2.619719276729665758e+00
-2.656333387850470906e+00
-2.757791028609247963e+00
-2.800455440831110643e+00
-2.750237890718802536e+00
-2.603397312662672380e+00
-2.721274194783485534e+00
-2.860453370506395920e+00
-2.648364458179195857e+00
-2.683291101088189023e+00
-2.707485910297852350e+00
-2.735514633898096015e+00
-2.634761281808279065e+00
-2.775943290953704068e+00
-2.755258692093852879e+00
-2.723615410598388298e+00
-2.534421105872358915e+00
-2.592847130329364091e+00
-2.660373365652211053e+00
-2.672723804038640516e+00
-2.707485910297852350e+00
-2.737934108021509161e+00
-2.811810191708232765e+00
-2.652330645396796971e+00
-2.800455440831110643e+00
-2.646394865316290979e+00
-2.860453370506395920e+00
-2.953360641060778224e+00
-2.765477857275539186e+00
-2.745274471187252097e+00
-2.961403361316192306e+00
-2.652330645396796971e+00
-2.520965123023239052e+00
-2.603397312662672380e+00
-2.811810191708232765e+00
-3.109973546720610660e+00
-2.883577169353533254e+00
-2.797662540646940421e+00
-2.685435769554778140e+00
-2.707485910297852350e+00
-2.750237890718802536e+00
-2.752741035872606545e+00
-2.930089298647790219e+00
-2.789390014680950713e+00
-2.965481273736631618e+00
-2.721274194783485534e+00
-2.797662540646940421e+00
-2.918905131695276545e+00
-2.728336049270972286e+00
-2.765477857275539186e+00
-2.625299154110502631e+00
-2.666504683703709411e+00
-2.733108564132217477e+00
-2.627175159109257585e+00
-2.694121948739871097e+00
-2.930089298647790219e+00
-2.904427308326653634e+00
-2.893877125993345345e+00
-2.794887486592168013e+00
-2.728336049270972286e+00
-2.575813791030584277e+00
-3.017659285401703251e+00
-2.886983418045445227e+00
-2.526894150015494667e+00
-2.681156971575503256e+00
-2.937708695517982083e+00
-2.982186967239484510e+00
-2.660373365652211053e+00
-2.857248230631184605e+00
-2.662407535562664407e+00
-2.922601277255240326e+00
-2.629059302983808966e+00
-2.721274194783485534e+00
-2.900882027562003973e+00
-3.017659285401703251e+00
-3.274783795366602579e+00
-2.800455440831110643e+00
-2.908001768684951749e+00
-2.873515843345637588e+00
-2.933882287664929311e+00
-2.773303194787495762e+00
-2.691934062591695209e+00
-2.908001768684951749e+00
-2.765477857275539186e+00
-3.250424449507157920e+00
-2.668567844267482503e+00
-2.893877125993345345e+00
-2.982186967239484510e+00
-2.775943290953704068e+00
-2.735514633898096015e+00
-2.674816793544484206e+00
-2.794887486592168013e+00
-2.915240177608870997e+00
-3.022304190447466787e+00
-3.205457303990634887e+00
-3.139528790282326565e+00
-2.823469804253225579e+00
-2.811810191708232765e+00
-2.797662540646940421e+00
-2.926329149774483440e+00
-3.013063533712554420e+00
-3.274783795366602579e+00
-3.422585414934407044e+00
-2.982186967239484510e+00
-2.770679050961346590e+00
-2.918905131695276545e+00
-2.670640852890348249e+00
-2.786667156345477014e+00
-3.017659285401703251e+00
-2.730715751016326909e+00
-3.104296413828920187e+00
