1.180000000000000071e+01
1.189999999999999858e+01
1.200000000000000000e+01
1.209999999999999787e+01
1.219999999999999929e+01
1.229999999999999716e+01
1.239999999999999858e+01
1.249999999999999645e+01
1.259999999999999787e+01
1.269999999999999574e+01
1.279999999999999716e+01
1.289999999999999503e+01
1.299999999999999645e+01
1.309999999999999432e+01
1.319999999999999574e+01
1.329999999999999361e+01
1.339999999999999503e+01
1.349999999999999289e+01
1.359999999999999432e+01
1.369999999999999218e+01
1.379999999999999361e+01
1.389999999999999147e+01
1.399999999999999289e+01
1.409999999999999076e+01
